n: 1907556405060696491061450432646028861081179759533184460647975622318915025587184175754054976155121593293492260464152630093238509246603207417124726121580858185985938946945490481721756401423481
# norm 1.554717e-12 alpha -7.478224 e 7.518e-11 rroots 3
skew: 1.89723e+06
c0:  348578818479643113591848726218653819076813
c1: -375830488267489810578184841744243639
c2:  32414999912320727344430346523
c3: -18783091380980602091391
c4: -1373979915646426
c5:  40208599020
Y0: -543540225411856459303967064165519554
Y1:  127570152207571988302487
type: gnfs
