n: 2152741102718889701896015201312825429257773588845675980170497676778133145218859135673011059773491059602497907111585214302079314665202840140619946994927570407753
# norm 9.438571e-16 alpha -6.928397 e 1.025e-12 rroots 3
skew: 63636810.67
c0:  242511622872314089372085278752801549220629
c1: -75104220585314862059060505509345170
c2:  1289997817005034387479317668
c3:  126794646060745389270
c4: -140124062361
c5:  540
Y0: -20898728485931253714002531407660
Y1:  236513376189618317
type: gnfs

